type=TRAINv1
name=M 152.0 (810)
odo=0
timer=0
mass=20000
maxvelo=22.222222
maxpower=155000
maxforce=29000
maxbrake=20000
resa=1.9
resb=0
resc=0.000465
cargo=countable,passengers,0,95,0.5,0.5,2,2
